1600819213624562000 4
1600819214631319000 4
1600819215638056000 4
1600819216644796000 4
1600819217651435000 4
1600819218658175000 4
1600819219665122000 4
1600819220671867000 4
1600819221678288000 5
1600819222681953000 5
1600819223687696000 5
1600819224694521000 4
1600819225701225000 4
1600819226707887000 4
1600819227714643000 4
1600819228721319000 4
1600819229727977000 4
1600819230734726000 4
1600819231741165000 4
1600819232744799000 4
1600819233749591000 4
1600819234756525000 4
1600819235763667000 4
1600819236770666000 4
1600819237777479000 4
1600819238784352000 4
1600819239791112000 4
1600819240797764000 4
1600819241804349000 4
1600819242808171000 4
1600819243815011000 4
1600819244822096000 4
1600819245828558000 4
1600819246836249000 4
1600819247841971000 3
1600819248848639000 3
1600819249855471000 3
1600819250862209000 3
1600819251868681000 3
1600819252872498000 3
1600819253879243000 3
1600819254886172000 3
1600819255893046000 3
1600819256899775000 3
1600819257906643000 3
1600819258913506000 3
1600819259920276000 3
1600819260927110000 3
1600819261933708000 3
1600819262937527000 4
1600819263944333000 4
1600819264951118000 4
1600819265957770000 4
1600819266964568000 4
1600819267971276000 4
1600819268977938000 4
1600819269984701000 4
1600819270991392000 4
1600819271997868000 4
1600819273001661000 4
1600819274008335000 4
1600819275015128000 4
1600819276021822000 4
1600819277028488000 4
1600819278035324000 4
1600819279042015000 4
1600819280048835000 4
1600819281055648000 4
1600819282062101000 4
1600819283065885000 4
1600819284072630000 4
1600819285079271000 4
1600819286086135000 4
1600819287092891000 4
1600819288099639000 4
1600819289106478000 4
1600819290113443000 4
1600819291120213000 4
1600819292126842000 4
1600819293130688000 4
1600819294137417000 4
1600819295144213000 4
1600819296150953000 4
1600819297157655000 4
1600819298164438000 4
1600819299171205000 4
1600819300177844000 4
1600819301184571000 4
1600819302191075000 4
1600819303194836000 4
1600819304201546000 4
1600819305208250000 4
1600819306215010000 4
1600819307221681000 4
1600819308228327000 4
1600819309235117000 4
1600819310241763000 4
1600819311248462000 3
1600819312255169000 3
1600819313258907000 3
1600819314265700000 3
1600819315272434000 3
1600819316279100000 3
1600819317285933000 3
1600819318292711000 3
1600819319299387000 3
1600819320306168000 3
1600819321312945000 3
1600819322319574000 3
1600819323325365000 3
1600819324332007000 3
1600819325338694000 3
1600819326345516000 3
1600819327352249000 3
1600819328358886000 3
1600819329365671000 3
1600819330372708000 3
1600819331379370000 3
1600819332386120000 3
1600819333391849000 3
1600819334398564000 4
1600819335405566000 4
1600819336412270000 4
1600819337418991000 4
1600819338425969000 4
1600819339432768000 4
1600819340439437000 3
1600819341446172000 3
1600819342451819000 3
1600819343457523000 3
1600819344464275000 4
1600819345470970000 4
1600819346477640000 4
1600819347484432000 3
1600819348491115000 3
1600819349497782000 3
1600819350504544000 3
1600819351511302000 3
1600819352517932000 3
1600819353523760000 3
1600819354530423000 3
1600819355537189000 3
1600819356544033000 3
1600819357550737000 3
1600819358557501000 3
1600819359564395000 3
1600819360571079000 2
1600819361577485000 2
1600819362581192000 2
1600819363586958000 2
1600819364593744000 2
1600819365600483000 2
1600819366607059000 2
1600819367610864000 2
1600819368617566000 2
1600819369624443000 3
1600819370631249000 3
1600819371637724000 3
1600819372641441000 2
1600819373648109000 2
1600819374654841000 2
1600819375661506000 2
1600819376668209000 2
1600819377674956000 2
1600819378681695000 2
1600819379688483000 3
1600819380695687000 3
1600819381702251000 3
1600819382705949000 3
1600819383710760000 3
1600819384717554000 3
1600819385724459000 3
1600819386731299000 3
1600819387738022000 3
1600819388744868000 4
1600819389751610000 4
1600819390758595000 4
1600819391765294000 4
1600819392769121000 4
1600819393776042000 4
1600819394782906000 4
1600819395789703000 4
1600819396796569000 4
1600819397803496000 4
1600819398810255000 3
1600819399817269000 3
1600819400824317000 3
1600819401831099000 4
1600819402834887000 4
1600819403841573000 4
1600819404848322000 4
1600819405855272000 4
1600819406861976000 4
1600819407868664000 4
1600819408875499000 4
1600819409882161000 4
1600819410888883000 4
1600819411895519000 4
1600819412899265000 4
1600819413906100000 4
1600819414912820000 3
1600819415919455000 3
1600819416926265000 3
1600819417933127000 3
1600819418939806000 3
1600819419946689000 3
1600819420953493000 3
1600819421959918000 3
1600819422963762000 3
1600819423970468000 3
1600819424977248000 3
1600819425984274000 3
1600819426990970000 3
1600819427997734000 3
1600819429004640000 3
1600819430011453000 3
1600819431018184000 3
1600819432024760000 3
1600819433028602000 3
1600819434035410000 4
1600819435042199000 4
1600819436049217000 4
1600819437056112000 3
1600819438062885000 3
1600819439069542000 3
1600819440076383000 3
1600819441083216000 3
1600819442089646000 3
1600819443093466000 3
1600819444100291000 3
1600819445107137000 3
1600819446113939000 3
1600819447120591000 3
1600819448127292000 3
1600819449134093000 3
1600819450140760000 3
1600819451147520000 3
1600819452154143000 3
1600819453157916000 4
1600819454164685000 4
1600819455171413000 4
1600819456178091000 3
1600819457184905000 3
1600819458192030000 3
1600819459198736000 3
1600819460205494000 2
1600819461212144000 2
1600819462218627000 2
1600819463222435000 3
1600819464229064000 3
1600819465235787000 3
1600819466242450000 3
1600819467249045000 3
1600819468255760000 3
1600819469262388000 3
1600819470269001000 3
1600819471275701000 3
1600819472282181000 4
1600819473285949000 4
1600819474292705000 4
1600819475299391000 4
1600819476306219000 3
1600819477312992000 3
1600819478319724000 3
1600819479326521000 3
1600819480333338000 3
1600819481339968000 3
1600819482346527000 3
1600819483351308000 3
1600819484357988000 3
1600819485364782000 3
1600819486371455000 3
1600819487377895000 3
1600819488381671000 3
1600819489388381000 3
1600819490395123000 3
1600819491401820000 3
1600819492408534000 2
1600819493415787000 2
1600819494422617000 2
1600819495429313000 2
1600819496436128000 2
1600819497442986000 2
1600819498449652000 3
1600819499456418000 3
1600819500463205000 3
1600819501469818000 3
1600819502476466000 3
1600819503482199000 3
1600819504488967000 3
1600819505495831000 3
1600819506502733000 3
1600819507509494000 3
1600819508516359000 3
1600819509523206000 3
1600819510529921000 3
1600819511536439000 3
1600819512540176000 3
1600819513545998000 3
1600819514552770000 3
1600819515559497000 3
1600819516566227000 3
1600819517573144000 3
1600819518579929000 3
1600819519586867000 3
1600819520593734000 3
1600819521600275000 4
1600819522604186000 4
1600819523610987000 4
1600819524617778000 3
1600819525624721000 3
1600819526631482000 3
1600819527638206000 3
1600819528645029000 3
1600819529651756000 3
1600819530658513000 3
1600819531665221000 3
1600819532679312000 3
1600819533686051000 3
1600819534692889000 3
1600819535699475000 3
1600819536706197000 3
1600819537712955000 3
1600819538719599000 3
1600819539726339000 3
1600819540733116000 3
1600819541739610000 3
1600819542743372000 3
1600819543750000000 3
1600819544756683000 3
1600819545763509000 3
1600819546770164000 3
1600819547776815000 3
1600819548783509000 3
1600819549790176000 3
1600819550796943000 3
1600819551803524000 3
1600819552807344000 2
1600819553814141000 3
1600819554820988000 3
1600819555827938000 3
1600819556834742000 3
1600819557841480000 3
1600819558848211000 3
1600819559855045000 2
1600819560861769000 2
1600819561868561000 2
1600819562872447000 2
1600819563879150000 2
1600819564886010000 2
1600819565892964000 2
1600819566899734000 2
1600819567906547000 2
1600819568913322000 2
1600819569919996000 2
1600819570926692000 2
1600819571933235000 2
1600819572937004000 2
1600819573943709000 2
1600819574950312000 2
1600819575956965000 2
1600819576963699000 2
1600819577970233000 2
1600819578976827000 2
1600819579983494000 2
1600819580990046000 2
1600819581996578000 2
1600819583000376000 2
1600819584007103000 2
1600819585013893000 2
1600819586020570000 2
1600819587027286000 2
1600819588034083000 2
1600819589040738000 2
1600819590047466000 2
1600819591054246000 2
1600819592060734000 2
1600819593064550000 2
1600819594071322000 2
1600819595078016000 2
1600819596084752000 2
1600819597091414000 2
1600819598098082000 3
1600819599104881000 3
1600819600111603000 3
1600819601118322000 3
1600819602124877000 3
1600819603128665000 3
1600819604135467000 3
1600819605142156000 3
1600819606148827000 3
1600819607155373000 3
1600819608159113000 3
1600819609165825000 3
1600819610172507000 3
1600819611179220000 3
1600819612185718000 3
1600819613189490000 3
1600819614196276000 2
1600819615203008000 2
1600819616209660000 2
1600819617216390000 2
1600819618223066000 2
1600819619229631000 2
1600819620236315000 2
1600819621243067000 2
1600819622249534000 2
1600819623253328000 2
1600819624259958000 2
1600819625266713000 2
1600819626273469000 2
1600819627280162000 2
1600819628286868000 2
1600819629293649000 2
1600819630300348000 2
1600819631307096000 2
1600819632313663000 2
1600819633317415000 2
1600819634324135000 2
1600819635330819000 2
1600819636337599000 2
1600819637344397000 2
1600819638351084000 2
1600819639357718000 2
1600819640364446000 3
1600819641371194000 3
1600819642377934000 3
1600819643383732000 3
1600819644390406000 3
1600819645397161000 3
1600819646403926000 2
1600819647410586000 2
1600819648417340000 2
1600819649424109000 2
1600819650430767000 3
1600819651436530000 3
1600819652444347000 3
1600819653451172000 3
1600819654457942000 3
1600819655464801000 3
1600819656471571000 3
1600819657478349000 3
1600819658485148000 3
1600819659491838000 4
1600819660498628000 4
1600819661505332000 4
1600819662511113000 3
1600819663517914000 3
1600819664524787000 3
1600819665531570000 4
1600819666538314000 3
1600819667545153000 3
1600819668551876000 3
1600819669558650000 3
1600819670565435000 3
1600819671571123000 3
1600819672574875000 3